multipatt IndVal.g summary (verbatim):

 Multilevel pattern analysis
 ---------------------------

 Association function: IndVal.g
 Significance level (alpha): 0.05

 Total number of species: 4190
 Selected number of species: 2203 
 Number of species associated to 1 group: 2080 
 Number of species associated to 2 groups: 123 

 List of species associated to each combination: 

 Group Freshwater  #sps.  1146 
        stat p.value    
3343   1.000  0.0001 ***
310487 1.000  0.0001 ***
6370   1.000  0.0001 ***
328795 1.000  0.0001 ***
580578 1.000  0.0001 ***
322506 1.000  0.0001 ***
554284 1.000  0.0001 ***
397003 1.000  0.0001 ***
362018 1.000  0.0001 ***
558514 1.000  0.0001 ***
572138 0.998  0.0005 ***
142703 0.998  0.0003 ***
550108 0.997  0.0002 ***
154435 0.997  0.0003 ***
378092 0.997  0.0009 ***
324241 0.997  0.0008 ***
579213 0.997  0.0001 ***
558023 0.996  0.0004 ***
278075 0.996  0.0003 ***
329653 0.996  0.0027 ** 
8098   0.996  0.0004 ***
385507 0.996  0.0001 ***
202171 0.995  0.0017 ** 
534688 0.995  0.0007 ***
245697 0.995  0.0004 ***
244867 0.995  0.0025 ** 
263319 0.994  0.0004 ***
532903 0.994  0.0006 ***
224427 0.994  0.0002 ***
319002 0.994  0.0004 ***
203996 0.993  0.0019 ** 
165384 0.993  0.0019 ** 
56266  0.993  0.0007 ***
105395 0.993  0.0105 *  
142645 0.993  0.0026 ** 
142773 0.993  0.0005 ***
586738 0.993  0.0007 ***
137480 0.992  0.0003 ***
202572 0.992  0.0009 ***
230801 0.992  0.0003 ***
544356 0.992  0.0051 ** 
534747 0.992  0.0007 ***
549388 0.992  0.0012 ** 
279993 0.992  0.0005 ***
245670 0.991  0.0003 ***
77878  0.990  0.0006 ***
342757 0.990  0.0005 ***
252035 0.990  0.0013 ** 
140458 0.989  0.0001 ***
525648 0.989  0.0002 ***
237754 0.989  0.0005 ***
513254 0.988  0.0001 ***
323726 0.988  0.0027 ** 
368509 0.987  0.0002 ***
235395 0.986  0.0005 ***
284052 0.986  0.0020 ** 
228981 0.985  0.0001 ***
10733  0.985  0.0027 ** 
286918 0.985  0.0032 ** 
574956 0.984  0.0001 ***
5552   0.983  0.0015 ** 
323221 0.983  0.0001 ***
242288 0.982  0.0016 ** 
98295  0.982  0.0001 ***
565133 0.982  0.0019 ** 
7606   0.981  0.0029 ** 
67839  0.981  0.0001 ***
355132 0.980  0.0021 ** 
252398 0.980  0.0197 *  
142726 0.979  0.0004 ***
213042 0.978  0.0041 ** 
324539 0.976  0.0012 ** 
19989  0.975  0.0003 ***
127471 0.975  0.0018 ** 
331093 0.974  0.0112 *  
107623 0.972  0.0010 ***
356823 0.972  0.0001 ***
137170 0.972  0.0001 ***
510993 0.971  0.0001 ***
265716 0.970  0.0001 ***
119723 0.970  0.0001 ***
124653 0.970  0.0001 ***
320002 0.969  0.0001 ***
586984 0.968  0.0002 ***
572428 0.968  0.0002 ***
317641 0.968  0.0001 ***
113378 0.967  0.0001 ***
179289 0.966  0.0010 ***
576053 0.965  0.0001 ***
119231 0.964  0.0011 ** 
306159 0.964  0.0001 ***
511463 0.964  0.0001 ***
306270 0.963  0.0026 ** 
107880 0.962  0.0001 ***
70346  0.962  0.0032 ** 
351161 0.961  0.0034 ** 
581965 0.961  0.0016 ** 
315609 0.960  0.0001 ***
252325 0.960  0.0003 ***
114901 0.958  0.0007 ***
581541 0.958  0.0005 ***
105792 0.957  0.0001 ***
553113 0.957  0.0001 ***
319505 0.955  0.0200 *  
72406  0.954  0.0001 ***
261931 0.954  0.0011 ** 
73191  0.953  0.0008 ***
551424 0.950  0.0027 ** 
300187 0.950  0.0003 ***
41200  0.949  0.0003 ***
250010 0.949  0.0003 ***
337173 0.945  0.0001 ***
147648 0.945  0.0020 ** 
228077 0.944  0.0005 ***
241123 0.938  0.0018 ** 
542011 0.938  0.0061 ** 
7173   0.937  0.0002 ***
552978 0.936  0.0013 ** 
190926 0.935  0.0036 ** 
584580 0.932  0.0043 ** 
222729 0.932  0.0006 ***
332569 0.932  0.0003 ***
235904 0.930  0.0014 ** 
194785 0.929  0.0001 ***
20976  0.929  0.0003 ***
251263 0.928  0.0016 ** 
327583 0.928  0.0002 ***
540329 0.926  0.0011 ** 
254579 0.924  0.0023 ** 
151254 0.916  0.0014 ** 
565413 0.914  0.0034 ** 
264040 0.913  0.0005 ***
161177 0.909  0.0030 ** 
190663 0.907  0.0022 ** 
217417 0.907  0.0005 ***
407742 0.905  0.0002 ***
323190 0.903  0.0010 ***
263929 0.902  0.0012 ** 
99150  0.899  0.0030 ** 
263950 0.898  0.0301 *  
215846 0.894  0.0009 ***
88155  0.894  0.0009 ***
107995 0.894  0.0014 ** 
546434 0.894  0.0009 ***
170130 0.894  0.0009 ***
589010 0.894  0.0009 ***
234053 0.894  0.0009 ***
150739 0.894  0.0009 ***
224259 0.894  0.0009 ***
567753 0.894  0.0009 ***
62986  0.894  0.0009 ***
511659 0.894  0.0009 ***
110215 0.894  0.0009 ***
156986 0.894  0.0009 ***
32333  0.894  0.0009 ***
591654 0.894  0.0009 ***
511230 0.894  0.0009 ***
49295  0.894  0.0009 ***
320231 0.894  0.0009 ***
518407 0.894  0.0009 ***
176843 0.894  0.0009 ***
577085 0.894  0.0009 ***
508075 0.894  0.0009 ***
205961 0.894  0.0009 ***
528336 0.894  0.0009 ***
245652 0.894  0.0009 ***
529964 0.894  0.0009 ***
76099  0.894  0.0009 ***
1736   0.894  0.0009 ***
102890 0.894  0.0014 ** 
241839 0.894  0.0009 ***
314228 0.894  0.0009 ***
50882  0.894  0.0009 ***
278198 0.894  0.0009 ***
589390 0.894  0.0009 ***
225695 0.893  0.0041 ** 
83959  0.893  0.0030 ** 
570886 0.893  0.0024 ** 
233592 0.893  0.0035 ** 
250277 0.892  0.0006 ***
170662 0.892  0.0024 ** 
232064 0.892  0.0024 ** 
104157 0.892  0.0024 ** 
184224 0.892  0.0024 ** 
260455 0.891  0.0024 ** 
351708 0.891  0.0059 ** 
204943 0.891  0.0024 ** 
230544 0.891  0.0024 ** 
52484  0.891  0.0024 ** 
89676  0.891  0.0024 ** 
534533 0.891  0.0042 ** 
152799 0.891  0.0041 ** 
149144 0.891  0.0024 ** 
226363 0.891  0.0059 ** 
64550  0.891  0.0108 *  
552734 0.891  0.0024 ** 
589642 0.891  0.0027 ** 
206278 0.891  0.0066 ** 
282165 0.890  0.0024 ** 
534587 0.890  0.0042 ** 
555305 0.890  0.0025 ** 
228372 0.890  0.0020 ** 
149135 0.890  0.0041 ** 
150612 0.890  0.0042 ** 
513763 0.890  0.0043 ** 
11431  0.890  0.0011 ** 
154329 0.890  0.0039 ** 
551656 0.890  0.0024 ** 
233334 0.889  0.0073 ** 
211941 0.889  0.0041 ** 
38828  0.889  0.0022 ** 
217198 0.889  0.0041 ** 
337082 0.889  0.0036 ** 
222747 0.889  0.0019 ** 
590108 0.889  0.0039 ** 
285668 0.889  0.0043 ** 
202514 0.889  0.0043 ** 
248041 0.889  0.0023 ** 
229376 0.889  0.0042 ** 
304435 0.888  0.0036 ** 
94574  0.888  0.0087 ** 
152323 0.888  0.0027 ** 
239593 0.888  0.0064 ** 
585431 0.888  0.0018 ** 
586380 0.888  0.0042 ** 
567353 0.888  0.0042 ** 
583211 0.888  0.0024 ** 
535000 0.888  0.0044 ** 
144091 0.888  0.0042 ** 
161965 0.888  0.0041 ** 
162776 0.888  0.0043 ** 
214210 0.887  0.0072 ** 
222261 0.887  0.0042 ** 
544483 0.887  0.0065 ** 
29387  0.887  0.0042 ** 
556878 0.887  0.0022 ** 
168042 0.887  0.0062 ** 
131019 0.887  0.0027 ** 
267008 0.886  0.0041 ** 
581900 0.886  0.0037 ** 
205808 0.886  0.0056 ** 
74685  0.886  0.0030 ** 
546058 0.886  0.0008 ***
137061 0.886  0.0024 ** 
210067 0.886  0.0064 ** 
556025 0.885  0.0041 ** 
104294 0.885  0.0060 ** 
246371 0.885  0.0073 ** 
234490 0.885  0.0066 ** 
224900 0.885  0.0023 ** 
154318 0.885  0.0065 ** 
575472 0.885  0.0065 ** 
143875 0.885  0.0009 ***
141618 0.885  0.0138 *  
573582 0.885  0.0067 ** 
269542 0.884  0.0045 ** 
512264 0.884  0.0062 ** 
133542 0.884  0.0074 ** 
134526 0.884  0.0042 ** 
202769 0.884  0.0021 ** 
166838 0.884  0.0008 ***
278390 0.884  0.0060 ** 
548160 0.883  0.0132 *  
511916 0.883  0.0119 *  
105005 0.883  0.0066 ** 
104555 0.882  0.0040 ** 
282750 0.882  0.0042 ** 
224998 0.881  0.0123 *  
94840  0.880  0.0084 ** 
17679  0.880  0.0042 ** 
323551 0.880  0.0032 ** 
552003 0.879  0.0024 ** 
156353 0.879  0.0024 ** 
155536 0.879  0.0042 ** 
560655 0.879  0.0116 *  
157434 0.879  0.0074 ** 
109907 0.879  0.0070 ** 
104784 0.878  0.0035 ** 
210139 0.878  0.0055 ** 
152259 0.878  0.0048 ** 
67478  0.877  0.0046 ** 
309862 0.877  0.0023 ** 
106097 0.877  0.0026 ** 
583255 0.877  0.0008 ***
534616 0.877  0.0008 ***
141394 0.876  0.0023 ** 
207957 0.876  0.0009 ***
162841 0.875  0.0101 *  
234901 0.875  0.0015 ** 
125736 0.874  0.0011 ** 
558915 0.874  0.0019 ** 
232382 0.874  0.0011 ** 
257151 0.873  0.0045 ** 
564650 0.873  0.0024 ** 
103710 0.873  0.0015 ** 
99927  0.873  0.0183 *  
181996 0.872  0.0035 ** 
225864 0.872  0.0016 ** 
306180 0.871  0.0165 *  
287160 0.869  0.0176 *  
130615 0.868  0.0140 *  
534067 0.865  0.0098 ** 
551992 0.865  0.0056 ** 
525801 0.865  0.0013 ** 
142131 0.865  0.0028 ** 
541963 0.865  0.0034 ** 
97049  0.865  0.0028 ** 
219174 0.864  0.0094 ** 
536916 0.863  0.0064 ** 
142943 0.861  0.0028 ** 
112955 0.858  0.0018 ** 
328912 0.856  0.0014 ** 
221331 0.856  0.0015 ** 
532163 0.856  0.0029 ** 
350893 0.854  0.0052 ** 
95883  0.853  0.0059 ** 
105727 0.852  0.0053 ** 
193738 0.851  0.0036 ** 
160114 0.851  0.0317 *  
44265  0.851  0.0168 *  
560879 0.850  0.0189 *  
137145 0.849  0.0195 *  
245116 0.849  0.0028 ** 
422910 0.849  0.0030 ** 
512079 0.849  0.0043 ** 
306684 0.848  0.0044 ** 
33253  0.846  0.0099 ** 
576674 0.846  0.0040 ** 
105946 0.844  0.0086 ** 
113866 0.843  0.0077 ** 
241011 0.843  0.0107 *  
131589 0.842  0.0042 ** 
254119 0.839  0.0093 ** 
80896  0.838  0.0034 ** 
563357 0.838  0.0019 ** 
222900 0.838  0.0036 ** 
142335 0.838  0.0038 ** 
252314 0.837  0.0065 ** 
587796 0.836  0.0042 ** 
141024 0.836  0.0150 *  
5771   0.835  0.0285 *  
5802   0.834  0.0061 ** 
519257 0.833  0.0045 ** 
278532 0.832  0.0040 ** 
240200 0.832  0.0496 *  
593908 0.828  0.0089 ** 
540412 0.827  0.0089 ** 
277681 0.827  0.0034 ** 
243487 0.822  0.0048 ** 
535322 0.822  0.0056 ** 
558480 0.814  0.0081 ** 
537948 0.814  0.0052 ** 
581542 0.814  0.0064 ** 
246321 0.814  0.0146 *  
556474 0.809  0.0042 ** 
253894 0.807  0.0244 *  
92490  0.804  0.0081 ** 
217733 0.802  0.0314 *  
6365   0.799  0.0087 ** 
331234 0.791  0.0115 *  
306546 0.791  0.0107 *  
133568 0.791  0.0064 ** 
113128 0.791  0.0046 ** 
544772 0.791  0.0156 *  
236892 0.791  0.0149 *  
282480 0.791  0.0108 *  
277679 0.790  0.0146 *  
317724 0.784  0.0238 *  
332717 0.782  0.0151 *  
549322 0.775  0.0092 ** 
515691 0.775  0.0092 ** 
525464 0.775  0.0092 ** 
45742  0.775  0.0092 ** 
570593 0.775  0.0092 ** 
62881  0.775  0.0092 ** 
329648 0.775  0.0092 ** 
140729 0.775  0.0092 ** 
219191 0.775  0.0092 ** 
412056 0.775  0.0092 ** 
79     0.775  0.0092 ** 
101553 0.775  0.0092 ** 
134    0.775  0.0092 ** 
228569 0.775  0.0092 ** 
246686 0.775  0.0092 ** 
67031  0.775  0.0092 ** 
512499 0.775  0.0092 ** 
160075 0.775  0.0092 ** 
543676 0.775  0.0092 ** 
145898 0.775  0.0092 ** 
125157 0.775  0.0092 ** 
575662 0.775  0.0092 ** 
581081 0.775  0.0092 ** 
113190 0.775  0.0092 ** 
84258  0.775  0.0092 ** 
223447 0.775  0.0092 ** 
581739 0.775  0.0092 ** 
11451  0.775  0.0092 ** 
542335 0.775  0.0092 ** 
335847 0.775  0.0092 ** 
227609 0.775  0.0092 ** 
251512 0.775  0.0092 ** 
519715 0.775  0.0092 ** 
63216  0.775  0.0092 ** 
221514 0.775  0.0092 ** 
143845 0.775  0.0092 ** 
245878 0.775  0.0092 ** 
137756 0.775  0.0092 ** 
592858 0.775  0.0092 ** 
210194 0.775  0.0092 ** 
221509 0.775  0.0092 ** 
279083 0.775  0.0092 ** 
250119 0.775  0.0092 ** 
581579 0.775  0.0092 ** 
519627 0.775  0.0092 ** 
240452 0.775  0.0092 ** 
541147 0.775  0.0092 ** 
352281 0.775  0.0092 ** 
221665 0.775  0.0092 ** 
142009 0.775  0.0092 ** 
202563 0.775  0.0092 ** 
528137 0.775  0.0092 ** 
336177 0.775  0.0092 ** 
553899 0.775  0.0092 ** 
234236 0.775  0.0092 ** 
245525 0.775  0.0092 ** 
43046  0.775  0.0092 ** 
6749   0.775  0.0092 ** 
147910 0.775  0.0092 ** 
30390  0.775  0.0092 ** 
144181 0.775  0.0092 ** 
551430 0.775  0.0092 ** 
230074 0.775  0.0092 ** 
6713   0.775  0.0092 ** 
148449 0.775  0.0092 ** 
325942 0.775  0.0092 ** 
233959 0.775  0.0092 ** 
562528 0.775  0.0092 ** 
539260 0.775  0.0092 ** 
509637 0.775  0.0092 ** 
157564 0.775  0.0246 *  
224948 0.775  0.0092 ** 
587586 0.775  0.0092 ** 
576928 0.775  0.0092 ** 
141075 0.775  0.0101 *  
347702 0.775  0.0092 ** 
37911  0.775  0.0092 ** 
260565 0.775  0.0092 ** 
327001 0.775  0.0092 ** 
107290 0.775  0.0092 ** 
141423 0.775  0.0092 ** 
48494  0.775  0.0092 ** 
8084   0.775  0.0092 ** 
45263  0.775  0.0092 ** 
156654 0.775  0.0092 ** 
254180 0.775  0.0092 ** 
197820 0.775  0.0092 ** 
7541   0.775  0.0092 ** 
56552  0.775  0.0092 ** 
573373 0.775  0.0092 ** 
155504 0.775  0.0092 ** 
539199 0.775  0.0092 ** 
359435 0.775  0.0092 ** 
204506 0.775  0.0092 ** 
216594 0.775  0.0092 ** 
588630 0.775  0.0092 ** 
287211 0.775  0.0092 ** 
588231 0.775  0.0093 ** 
248505 0.775  0.0092 ** 
315986 0.775  0.0092 ** 
136235 0.775  0.0092 ** 
162925 0.775  0.0092 ** 
537864 0.775  0.0092 ** 
225699 0.775  0.0092 ** 
152480 0.775  0.0092 ** 
114978 0.775  0.0092 ** 
172883 0.775  0.0092 ** 
248682 0.775  0.0092 ** 
591539 0.775  0.0092 ** 
355688 0.775  0.0092 ** 
568966 0.775  0.0084 ** 
18609  0.775  0.0092 ** 
211469 0.775  0.0092 ** 
530619 0.775  0.0092 ** 
231965 0.775  0.0092 ** 
219048 0.775  0.0092 ** 
199553 0.775  0.0101 *  
532912 0.775  0.0092 ** 
58135  0.775  0.0092 ** 
277643 0.775  0.0089 ** 
133044 0.775  0.0089 ** 
277150 0.775  0.0092 ** 
217352 0.775  0.0092 ** 
239473 0.775  0.0092 ** 
266671 0.775  0.0092 ** 
547121 0.775  0.0092 ** 
590338 0.775  0.0092 ** 
583342 0.775  0.0092 ** 
149503 0.775  0.0092 ** 
10776  0.775  0.0092 ** 
558853 0.775  0.0092 ** 
536721 0.775  0.0092 ** 
155465 0.775  0.0092 ** 
560302 0.775  0.0092 ** 
578505 0.775  0.0092 ** 
571785 0.775  0.0092 ** 
543826 0.775  0.0092 ** 
224441 0.775  0.0092 ** 
171180 0.775  0.0092 ** 
537744 0.775  0.0092 ** 
10860  0.775  0.0092 ** 
10845  0.775  0.0092 ** 
10858  0.775  0.0092 ** 
269237 0.775  0.0092 ** 
587689 0.775  0.0092 ** 
203169 0.775  0.0092 ** 
534010 0.775  0.0092 ** 
546745 0.775  0.0092 ** 
280179 0.775  0.0092 ** 
162310 0.775  0.0092 ** 
561836 0.775  0.0092 ** 
546717 0.775  0.0092 ** 
184957 0.775  0.0092 ** 
593701 0.775  0.0092 ** 
512958 0.775  0.0092 ** 
554930 0.775  0.0092 ** 
569150 0.775  0.0092 ** 
63254  0.775  0.0092 ** 
34143  0.775  0.0092 ** 
180225 0.775  0.0092 ** 
569641 0.775  0.0092 ** 
218005 0.775  0.0092 ** 
119236 0.775  0.0092 ** 
381777 0.775  0.0092 ** 
346925 0.775  0.0092 ** 
540681 0.775  0.0092 ** 
565517 0.775  0.0092 ** 
560806 0.775  0.0092 ** 
218567 0.775  0.0092 ** 
562536 0.775  0.0092 ** 
586966 0.775  0.0092 ** 
565643 0.775  0.0092 ** 
108677 0.775  0.0092 ** 
565375 0.775  0.0092 ** 
207878 0.775  0.0092 ** 
136119 0.775  0.0092 ** 
130774 0.775  0.0092 ** 
582110 0.775  0.0092 ** 
242301 0.775  0.0092 ** 
177418 0.775  0.0092 ** 
169586 0.775  0.0092 ** 
236994 0.775  0.0092 ** 
143335 0.775  0.0092 ** 
244045 0.775  0.0092 ** 
591167 0.775  0.0092 ** 
582001 0.775  0.0092 ** 
571587 0.775  0.0092 ** 
141399 0.775  0.0092 ** 
109573 0.775  0.0092 ** 
142841 0.775  0.0092 ** 
141881 0.775  0.0092 ** 
549687 0.775  0.0092 ** 
225464 0.775  0.0092 ** 
325820 0.775  0.0092 ** 
60815  0.775  0.0092 ** 
241447 0.775  0.0092 ** 
217881 0.775  0.0092 ** 
152291 0.775  0.0092 ** 
360408 0.775  0.0092 ** 
114547 0.775  0.0092 ** 
569201 0.775  0.0092 ** 
145701 0.775  0.0092 ** 
565618 0.775  0.0092 ** 
554198 0.775  0.0092 ** 
578382 0.775  0.0092 ** 
525955 0.775  0.0092 ** 
101215 0.775  0.0092 ** 
270711 0.775  0.0092 ** 
525962 0.775  0.0092 ** 
382628 0.775  0.0092 ** 
584987 0.775  0.0092 ** 
571300 0.775  0.0092 ** 
146517 0.775  0.0092 ** 
545634 0.775  0.0092 ** 
232933 0.775  0.0092 ** 
247883 0.775  0.0092 ** 
578372 0.775  0.0092 ** 
80197  0.775  0.0092 ** 
245082 0.775  0.0092 ** 
105837 0.775  0.0092 ** 
109168 0.775  0.0092 ** 
239769 0.775  0.0092 ** 
251268 0.775  0.0092 ** 
149156 0.775  0.0092 ** 
326517 0.775  0.0092 ** 
271588 0.775  0.0092 ** 
108457 0.775  0.0092 ** 
566082 0.775  0.0092 ** 
593277 0.775  0.0092 ** 
230769 0.775  0.0092 ** 
222673 0.775  0.0091 ** 
304078 0.775  0.0092 ** 
284644 0.775  0.0092 ** 
82023  0.775  0.0092 ** 
342865 0.775  0.0092 ** 
205855 0.775  0.0092 ** 
252788 0.775  0.0092 ** 
252967 0.775  0.0092 ** 
274126 0.775  0.0092 ** 
160173 0.775  0.0092 ** 
47339  0.775  0.0092 ** 
250672 0.775  0.0092 ** 
556825 0.775  0.0092 ** 
105839 0.775  0.0092 ** 
336034 0.775  0.0092 ** 
81623  0.775  0.0092 ** 
593891 0.775  0.0092 ** 
232442 0.775  0.0092 ** 
252798 0.775  0.0092 ** 
355297 0.775  0.0092 ** 
105224 0.775  0.0092 ** 
152020 0.775  0.0092 ** 
218039 0.775  0.0092 ** 
238907 0.775  0.0092 ** 
276838 0.775  0.0092 ** 
73076  0.775  0.0092 ** 
553953 0.775  0.0092 ** 
271962 0.775  0.0092 ** 
509120 0.775  0.0092 ** 
538794 0.775  0.0092 ** 
75874  0.775  0.0092 ** 
514003 0.775  0.0092 ** 
341275 0.775  0.0092 ** 
142005 0.775  0.0092 ** 
237962 0.775  0.0092 ** 
509823 0.775  0.0092 ** 
590533 0.775  0.0092 ** 
533525 0.775  0.0092 ** 
235270 0.775  0.0092 ** 
294313 0.775  0.0092 ** 
531025 0.775  0.0092 ** 
161914 0.775  0.0092 ** 
3677   0.775  0.0092 ** 
66935  0.775  0.0092 ** 
589751 0.775  0.0092 ** 
224203 0.775  0.0092 ** 
252501 0.775  0.0092 ** 
214042 0.775  0.0092 ** 
75044  0.775  0.0092 ** 
141984 0.775  0.0092 ** 
240529 0.775  0.0092 ** 
236775 0.775  0.0092 ** 
144789 0.775  0.0092 ** 
162113 0.775  0.0092 ** 
273538 0.775  0.0092 ** 
194730 0.775  0.0092 ** 
545706 0.775  0.0092 ** 
226421 0.775  0.0092 ** 
590326 0.775  0.0092 ** 
583865 0.775  0.0092 ** 
272259 0.775  0.0092 ** 
509593 0.775  0.0092 ** 
1710   0.775  0.0092 ** 
581733 0.775  0.0092 ** 
146478 0.775  0.0092 ** 
262036 0.775  0.0092 ** 
326537 0.775  0.0092 ** 
217242 0.775  0.0092 ** 
522476 0.775  0.0092 ** 
574895 0.775  0.0092 ** 
557689 0.775  0.0092 ** 
132450 0.775  0.0092 ** 
144899 0.775  0.0092 ** 
1732   0.775  0.0092 ** 
553643 0.775  0.0092 ** 
540847 0.775  0.0092 ** 
167800 0.775  0.0092 ** 
51852  0.775  0.0092 ** 
143270 0.775  0.0092 ** 
159929 0.775  0.0092 ** 
169793 0.775  0.0092 ** 
589700 0.775  0.0092 ** 
543239 0.775  0.0092 ** 
541641 0.775  0.0092 ** 
252204 0.775  0.0092 ** 
28793  0.775  0.0092 ** 
241451 0.775  0.0092 ** 
185827 0.775  0.0092 ** 
252958 0.775  0.0092 ** 
204759 0.775  0.0092 ** 
216828 0.775  0.0089 ** 
1596   0.775  0.0092 ** 
519950 0.775  0.0092 ** 
267722 0.775  0.0092 ** 
240862 0.775  0.0092 ** 
235848 0.775  0.0092 ** 
270180 0.775  0.0092 ** 
536090 0.775  0.0092 ** 
222914 0.775  0.0092 ** 
156917 0.775  0.0092 ** 
338969 0.775  0.0092 ** 
210788 0.775  0.0092 ** 
539821 0.775  0.0092 ** 
151664 0.775  0.0092 ** 
353925 0.775  0.0092 ** 
224152 0.775  0.0092 ** 
248805 0.775  0.0092 ** 
155778 0.775  0.0092 ** 
513679 0.775  0.0092 ** 
206560 0.775  0.0092 ** 
200868 0.775  0.0092 ** 
543327 0.775  0.0092 ** 
259898 0.775  0.0092 ** 
570808 0.775  0.0092 ** 
339617 0.775  0.0092 ** 
255540 0.775  0.0092 ** 
257782 0.775  0.0092 ** 
83178  0.775  0.0092 ** 
563388 0.775  0.0092 ** 
153831 0.775  0.0092 ** 
73086  0.775  0.0092 ** 
333159 0.775  0.0092 ** 
244050 0.775  0.0092 ** 
318107 0.775  0.0092 ** 
525666 0.775  0.0092 ** 
72455  0.775  0.0092 ** 
579256 0.775  0.0092 ** 
113272 0.775  0.0092 ** 
563596 0.775  0.0092 ** 
247225 0.775  0.0092 ** 
2805   0.775  0.0089 ** 
319990 0.775  0.0092 ** 
545203 0.775  0.0092 ** 
201662 0.775  0.0092 ** 
153928 0.775  0.0092 ** 
152343 0.775  0.0092 ** 
30167  0.775  0.0092 ** 
145730 0.775  0.0092 ** 
200304 0.775  0.0092 ** 
245832 0.775  0.0092 ** 
577081 0.775  0.0092 ** 
324145 0.775  0.0092 ** 
28765  0.775  0.0092 ** 
329544 0.775  0.0092 ** 
238799 0.775  0.0092 ** 
304581 0.775  0.0092 ** 
558118 0.775  0.0092 ** 
85331  0.775  0.0092 ** 
238659 0.775  0.0092 ** 
246619 0.775  0.0092 ** 
2862   0.775  0.0092 ** 
50220  0.775  0.0092 ** 
581403 0.775  0.0092 ** 
201687 0.775  0.0092 ** 
279355 0.775  0.0092 ** 
544572 0.775  0.0092 ** 
219735 0.775  0.0092 ** 
517627 0.775  0.0092 ** 
269210 0.775  0.0092 ** 
223251 0.775  0.0092 ** 
238340 0.775  0.0092 ** 
211992 0.775  0.0092 ** 
136324 0.775  0.0092 ** 
572899 0.775  0.0092 ** 
224072 0.775  0.0092 ** 
573896 0.775  0.0092 ** 
97060  0.775  0.0092 ** 
281663 0.775  0.0092 ** 
77607  0.775  0.0092 ** 
76995  0.775  0.0092 ** 
569953 0.775  0.0092 ** 
75442  0.775  0.0092 ** 
577551 0.775  0.0092 ** 
308664 0.775  0.0092 ** 
282718 0.775  0.0092 ** 
163720 0.775  0.0092 ** 
143747 0.775  0.0092 ** 
568807 0.775  0.0092 ** 
250645 0.775  0.0092 ** 
369522 0.775  0.0092 ** 
221811 0.775  0.0092 ** 
225301 0.775  0.0092 ** 
241676 0.775  0.0092 ** 
225404 0.775  0.0092 ** 
160921 0.775  0.0092 ** 
512939 0.775  0.0092 ** 
284171 0.775  0.0092 ** 
226939 0.775  0.0092 ** 
74169  0.775  0.0092 ** 
542211 0.775  0.0092 ** 
552001 0.775  0.0092 ** 
66912  0.775  0.0092 ** 
162849 0.775  0.0092 ** 
235963 0.775  0.0092 ** 
100980 0.775  0.0092 ** 
570248 0.775  0.0092 ** 
277874 0.775  0.0092 ** 
69761  0.775  0.0092 ** 
264526 0.775  0.0092 ** 
102061 0.775  0.0092 ** 
278445 0.775  0.0092 ** 
2744   0.775  0.0092 ** 
544167 0.775  0.0092 ** 
194108 0.775  0.0092 ** 
563339 0.775  0.0092 ** 
552873 0.775  0.0092 ** 
143557 0.775  0.0092 ** 
203941 0.775  0.0092 ** 
143216 0.775  0.0092 ** 
542855 0.775  0.0092 ** 
154220 0.775  0.0092 ** 
330804 0.775  0.0092 ** 
113017 0.775  0.0092 ** 
361865 0.775  0.0092 ** 
184557 0.775  0.0092 ** 
173719 0.775  0.0092 ** 
102457 0.775  0.0092 ** 
224206 0.775  0.0092 ** 
584294 0.775  0.0092 ** 
589921 0.775  0.0092 ** 
183481 0.775  0.0092 ** 
587690 0.775  0.0092 ** 
16227  0.775  0.0092 ** 
16239  0.775  0.0092 ** 
587566 0.775  0.0092 ** 
587360 0.775  0.0092 ** 
591475 0.775  0.0092 ** 
578409 0.775  0.0092 ** 
325962 0.775  0.0092 ** 
65412  0.775  0.0092 ** 
100124 0.775  0.0092 ** 
161464 0.775  0.0092 ** 
232505 0.773  0.0239 *  
200064 0.772  0.0092 ** 
193229 0.772  0.0126 *  
172221 0.772  0.0126 *  
571923 0.772  0.0126 *  
107148 0.772  0.0092 ** 
323018 0.772  0.0165 *  
204219 0.771  0.0205 *  
196940 0.771  0.0126 *  
561793 0.771  0.0126 *  
576076 0.771  0.0126 *  
375870 0.771  0.0489 *  
2742   0.771  0.0169 *  
143650 0.771  0.0126 *  
284321 0.771  0.0126 *  
198749 0.771  0.0126 *  
531244 0.770  0.0126 *  
222624 0.770  0.0092 ** 
66925  0.770  0.0092 ** 
441506 0.770  0.0126 *  
573659 0.770  0.0165 *  
141738 0.770  0.0126 *  
282711 0.770  0.0250 *  
204465 0.769  0.0253 *  
573491 0.769  0.0092 ** 
587540 0.769  0.0161 *  
593905 0.769  0.0092 ** 
219858 0.769  0.0117 *  
34985  0.769  0.0126 *  
543083 0.769  0.0160 *  
544325 0.769  0.0188 *  
332574 0.769  0.0092 ** 
91949  0.769  0.0160 *  
563745 0.769  0.0092 ** 
329486 0.769  0.0092 ** 
353756 0.768  0.0126 *  
160740 0.768  0.0126 *  
233441 0.768  0.0126 *  
135349 0.768  0.0167 *  
275285 0.768  0.0126 *  
137279 0.768  0.0126 *  
174634 0.768  0.0117 *  
75260  0.768  0.0130 *  
227051 0.768  0.0222 *  
212910 0.768  0.0187 *  
149053 0.768  0.0160 *  
81732  0.768  0.0187 *  
150338 0.767  0.0160 *  
586390 0.767  0.0092 ** 
211661 0.767  0.0092 ** 
564996 0.767  0.0169 *  
10754  0.767  0.0117 *  
244496 0.767  0.0092 ** 
579023 0.767  0.0177 *  
509310 0.767  0.0092 ** 
142411 0.767  0.0173 *  
136944 0.766  0.0126 *  
217650 0.766  0.0126 *  
2745   0.766  0.0126 *  
262760 0.766  0.0159 *  
471399 0.766  0.0092 ** 
284431 0.766  0.0126 *  
511925 0.765  0.0145 *  
577111 0.765  0.0126 *  
551071 0.765  0.0092 ** 
163641 0.765  0.0188 *  
217968 0.765  0.0092 ** 
90570  0.765  0.0082 ** 
265934 0.764  0.0165 *  
350596 0.764  0.0126 *  
1896   0.764  0.0164 *  
555333 0.764  0.0402 *  
208032 0.764  0.0176 *  
560000 0.764  0.0296 *  
408758 0.764  0.0189 *  
63221  0.764  0.0126 *  
584529 0.764  0.0092 ** 
102521 0.763  0.0202 *  
102361 0.763  0.0154 *  
214611 0.763  0.0082 ** 
32280  0.763  0.0092 ** 
94853  0.763  0.0092 ** 
125802 0.763  0.0092 ** 
104466 0.763  0.0188 *  
83666  0.763  0.0165 *  
509051 0.762  0.0117 *  
563390 0.762  0.0102 *  
557824 0.762  0.0082 ** 
142591 0.762  0.0165 *  
553256 0.761  0.0092 ** 
553178 0.761  0.0126 *  
556802 0.761  0.0092 ** 
224769 0.761  0.0176 *  
547371 0.761  0.0126 *  
16145  0.761  0.0188 *  
571350 0.761  0.0089 ** 
213866 0.760  0.0282 *  
560957 0.760  0.0123 *  
285572 0.760  0.0092 ** 
218525 0.760  0.0092 ** 
244996 0.760  0.0139 *  
203469 0.760  0.0148 *  
156963 0.759  0.0215 *  
348903 0.759  0.0299 *  
359433 0.759  0.0431 *  
166011 0.759  0.0169 *  
583119 0.759  0.0267 *  
568791 0.759  0.0292 *  
327070 0.759  0.0158 *  
6783   0.759  0.0102 *  
560106 0.759  0.0102 *  
240757 0.759  0.0102 *  
553966 0.758  0.0181 *  
143746 0.758  0.0185 *  
90452  0.758  0.0121 *  
533646 0.758  0.0126 *  
140859 0.758  0.0480 *  
592669 0.758  0.0149 *  
113158 0.758  0.0156 *  
560846 0.758  0.0132 *  
110305 0.757  0.0168 *  
75196  0.757  0.0126 *  
254458 0.757  0.0328 *  
83082  0.757  0.0082 ** 
63239  0.757  0.0173 *  
551895 0.756  0.0126 *  
170193 0.756  0.0192 *  
143935 0.756  0.0117 *  
77292  0.756  0.0175 *  
247797 0.756  0.0092 ** 
574032 0.756  0.0102 *  
170927 0.755  0.0123 *  
252037 0.755  0.0082 ** 
251287 0.754  0.0484 *  
223126 0.754  0.0102 *  
121575 0.754  0.0092 ** 
253619 0.754  0.0255 *  
578045 0.753  0.0192 *  
471192 0.753  0.0158 *  
238793 0.753  0.0198 *  
200033 0.753  0.0117 *  
534571 0.753  0.0123 *  
592891 0.753  0.0123 *  
235519 0.752  0.0102 *  
156044 0.752  0.0156 *  
251592 0.752  0.0082 ** 
154899 0.752  0.0191 *  
207344 0.751  0.0130 *  
529615 0.751  0.0212 *  
247201 0.751  0.0136 *  
242598 0.751  0.0123 *  
523629 0.751  0.0117 *  
161103 0.751  0.0202 *  
331129 0.751  0.0117 *  
328627 0.751  0.0154 *  
134616 0.750  0.0251 *  
99956  0.750  0.0231 *  
205571 0.750  0.0273 *  
582732 0.749  0.0180 *  
236458 0.749  0.0266 *  
223550 0.749  0.0117 *  
221502 0.749  0.0117 *  
220556 0.749  0.0274 *  
234186 0.749  0.0182 *  
150145 0.749  0.0272 *  
235390 0.749  0.0122 *  
143834 0.749  0.0206 *  
550406 0.749  0.0092 ** 
334113 0.749  0.0092 ** 
101137 0.749  0.0139 *  
237457 0.749  0.0308 *  
153255 0.748  0.0188 *  
550451 0.748  0.0117 *  
47066  0.747  0.0160 *  
257902 0.747  0.0215 *  
323064 0.747  0.0123 *  
218985 0.747  0.0117 *  
236284 0.746  0.0180 *  
157311 0.746  0.0162 *  
42580  0.746  0.0190 *  
34344  0.746  0.0155 *  
132337 0.746  0.0192 *  
153548 0.746  0.0082 ** 
149145 0.746  0.0148 *  
145398 0.746  0.0139 *  
148437 0.746  0.0092 ** 
535268 0.746  0.0184 *  
332476 0.745  0.0250 *  
249078 0.745  0.0363 *  
107152 0.745  0.0158 *  
221692 0.745  0.0305 *  
308535 0.744  0.0123 *  
510838 0.744  0.0288 *  
123528 0.744  0.0123 *  
49549  0.744  0.0121 *  
76270  0.743  0.0102 *  
132722 0.743  0.0296 *  
354357 0.741  0.0117 *  
180764 0.741  0.0145 *  
325947 0.741  0.0284 *  
144964 0.741  0.0247 *  
539762 0.741  0.0205 *  
333160 0.741  0.0174 *  
509124 0.741  0.0241 *  
223329 0.741  0.0092 ** 
536150 0.741  0.0148 *  
577212 0.740  0.0353 *  
103229 0.740  0.0243 *  
130135 0.740  0.0500 *  
70100  0.740  0.0102 *  
234041 0.739  0.0372 *  
166851 0.738  0.0102 *  
262663 0.737  0.0123 *  
143990 0.737  0.0202 *  
584845 0.737  0.0123 *  
238929 0.737  0.0198 *  
576477 0.737  0.0117 *  
565587 0.737  0.0117 *  
206279 0.737  0.0304 *  
142298 0.735  0.0209 *  
107461 0.735  0.0145 *  
60598  0.735  0.0139 *  
508828 0.735  0.0209 *  
223441 0.732  0.0126 *  
4641   0.732  0.0199 *  
317096 0.732  0.0335 *  
223634 0.732  0.0117 *  
286652 0.732  0.0117 *  
509163 0.730  0.0281 *  
562772 0.730  0.0362 *  
352654 0.730  0.0260 *  
251499 0.727  0.0340 *  
575555 0.726  0.0174 *  
200507 0.726  0.0213 *  
156227 0.726  0.0174 *  
303607 0.726  0.0185 *  
346819 0.726  0.0180 *  
594198 0.726  0.0123 *  
344633 0.726  0.0195 *  
212836 0.726  0.0263 *  
575486 0.726  0.0189 *  
267276 0.726  0.0198 *  
113777 0.726  0.0185 *  
272782 0.726  0.0199 *  
206192 0.726  0.0189 *  
273309 0.726  0.0209 *  
251544 0.726  0.0198 *  
510851 0.726  0.0123 *  
33376  0.726  0.0216 *  
66939  0.726  0.0195 *  
4760   0.724  0.0467 *  
263421 0.722  0.0276 *  
6772   0.722  0.0355 *  
236808 0.720  0.0226 *  
209723 0.720  0.0209 *  
281246 0.718  0.0157 *  
237616 0.717  0.0400 *  
50040  0.717  0.0197 *  
549739 0.717  0.0293 *  
113166 0.717  0.0199 *  
246382 0.717  0.0440 *  
259279 0.717  0.0199 *  
558797 0.717  0.0297 *  
235541 0.717  0.0198 *  
573149 0.717  0.0278 *  
532875 0.717  0.0202 *  
218456 0.716  0.0445 *  
136009 0.714  0.0340 *  
242051 0.714  0.0364 *  
224647 0.712  0.0268 *  
305643 0.712  0.0268 *  
246781 0.712  0.0240 *  
362645 0.712  0.0230 *  
220676 0.712  0.0268 *  
138368 0.712  0.0230 *  
144042 0.709  0.0199 *  
361764 0.709  0.0298 *  
591496 0.709  0.0385 *  
223271 0.708  0.0409 *  
305551 0.705  0.0260 *  
163176 0.705  0.0291 *  
557392 0.705  0.0327 *  
173034 0.705  0.0282 *  
249656 0.705  0.0286 *  
237963 0.705  0.0278 *  
576442 0.705  0.0255 *  
213599 0.705  0.0282 *  
584106 0.705  0.0199 *  
332934 0.705  0.0278 *  
1847   0.705  0.0282 *  
220916 0.705  0.0293 *  
220924 0.705  0.0306 *  
542039 0.705  0.0282 *  
250833 0.705  0.0282 *  
321088 0.701  0.0256 *  
175383 0.699  0.0470 *  
534317 0.698  0.0435 *  
250291 0.697  0.0457 *  
529793 0.696  0.0314 *  
114396 0.696  0.0332 *  
202437 0.693  0.0263 *  
218467 0.693  0.0417 *  
333448 0.691  0.0447 *  
510956 0.691  0.0435 *  
280545 0.685  0.0332 *  
264455 0.685  0.0338 *  
519258 0.685  0.0402 *  
581516 0.685  0.0426 *  
514381 0.685  0.0407 *  
555142 0.685  0.0338 *  
214356 0.685  0.0318 *  
328963 0.680  0.0494 *  
26693  0.680  0.0406 *  
361147 0.676  0.0413 *  
559525 0.671  0.0465 *  

 Group Human  #sps.  140 
        stat p.value    
348374 0.999  0.0001 ***
361496 0.995  0.0162 *  
287978 0.993  0.0015 ** 
357470 0.989  0.0116 *  
192573 0.989  0.0279 *  
199487 0.987  0.0035 ** 
325407 0.985  0.0065 ** 
367433 0.981  0.0024 ** 
190464 0.981  0.0032 ** 
193761 0.980  0.0164 *  
518438 0.979  0.0031 ** 
357795 0.977  0.0056 ** 
212619 0.976  0.0031 ** 
86757  0.942  0.0020 ** 
23235  0.941  0.0006 ***
302160 0.941  0.0034 ** 
291090 0.941  0.0171 *  
196731 0.932  0.0221 *  
162162 0.929  0.0068 ** 
223059 0.926  0.0094 ** 
365676 0.925  0.0073 ** 
327476 0.922  0.0213 *  
191541 0.919  0.0125 *  
405524 0.882  0.0113 *  
565812 0.882  0.0072 ** 
255669 0.882  0.0020 ** 
544358 0.882  0.0241 *  
470172 0.881  0.0436 *  
268540 0.881  0.0189 *  
345575 0.881  0.0126 *  
361480 0.878  0.0396 *  
399586 0.878  0.0035 ** 
358364 0.878  0.0068 ** 
181095 0.877  0.0417 *  
192127 0.875  0.0130 *  
470747 0.874  0.0296 *  
469991 0.874  0.0246 *  
194648 0.874  0.0163 *  
181003 0.871  0.0033 ** 
269833 0.869  0.0213 *  
293896 0.868  0.0204 *  
288134 0.868  0.0147 *  
193066 0.865  0.0220 *  
175537 0.864  0.0298 *  
193343 0.862  0.0309 *  
190872 0.816  0.0133 *  
470812 0.816  0.0138 *  
158466 0.816  0.0080 ** 
138006 0.816  0.0115 *  
215890 0.816  0.0136 *  
160284 0.816  0.0105 *  
182104 0.816  0.0085 ** 
448819 0.816  0.0058 ** 
193632 0.816  0.0115 *  
211903 0.816  0.0072 ** 
170206 0.816  0.0142 *  
252321 0.816  0.0113 *  
470219 0.816  0.0275 *  
549871 0.816  0.0157 *  
177339 0.813  0.0280 *  
21698  0.813  0.0191 *  
195173 0.811  0.0434 *  
109014 0.811  0.0363 *  
190108 0.809  0.0399 *  
199013 0.809  0.0181 *  
82283  0.808  0.0393 *  
67513  0.806  0.0343 *  
203708 0.805  0.0337 *  
361809 0.804  0.0257 *  
534244 0.803  0.0217 *  
290281 0.798  0.0265 *  
560836 0.792  0.0226 *  
175617 0.787  0.0191 *  
524457 0.745  0.0218 *  
79234  0.745  0.0230 *  
12567  0.745  0.0202 *  
100937 0.745  0.0409 *  
58295  0.745  0.0401 *  
3838   0.745  0.0415 *  
74391  0.745  0.0417 *  
518865 0.745  0.0316 *  
19191  0.745  0.0221 *  
484430 0.745  0.0415 *  
386273 0.745  0.0285 *  
6402   0.745  0.0197 *  
56599  0.745  0.0394 *  
204197 0.745  0.0274 *  
9555   0.745  0.0209 *  
17538  0.745  0.0398 *  
361804 0.745  0.0393 *  
165694 0.745  0.0415 *  
495394 0.745  0.0247 *  
539347 0.745  0.0414 *  
470807 0.745  0.0267 *  
529659 0.745  0.0202 *  
89770  0.745  0.0311 *  
46159  0.745  0.0189 *  
426785 0.745  0.0344 *  
266777 0.745  0.0305 *  
14277  0.745  0.0222 *  
83175  0.745  0.0214 *  
469655 0.745  0.0377 *  
190690 0.745  0.0201 *  
500281 0.745  0.0393 *  
181489 0.745  0.0419 *  
203545 0.745  0.0462 *  
319153 0.745  0.0296 *  
302321 0.745  0.0248 *  
295574 0.745  0.0227 *  
471120 0.745  0.0415 *  
13948  0.745  0.0209 *  
188900 0.745  0.0393 *  
107258 0.745  0.0266 *  
154106 0.745  0.0274 *  
28186  0.745  0.0413 *  
557059 0.745  0.0201 *  
512239 0.745  0.0383 *  
140940 0.745  0.0213 *  
511532 0.745  0.0401 *  
506496 0.745  0.0419 *  
416992 0.745  0.0213 *  
15382  0.745  0.0230 *  
15357  0.745  0.0392 *  
470993 0.745  0.0394 *  
128382 0.745  0.0203 *  
516119 0.745  0.0265 *  
68340  0.745  0.0417 *  
200359 0.745  0.0493 *  
142000 0.745  0.0298 *  
423742 0.744  0.0489 *  
70628  0.744  0.0332 *  
237034 0.744  0.0255 *  
1931   0.744  0.0265 *  
588912 0.743  0.0416 *  
590169 0.742  0.0369 *  
28952  0.742  0.0385 *  
237323 0.741  0.0441 *  
9562   0.741  0.0480 *  
484296 0.738  0.0428 *  
33876  0.724  0.0339 *  

 Group Saline  #sps.  794 
        stat p.value    
149014 1.000  0.0002 ***
328475 1.000  0.0002 ***
255044 1.000  0.0002 ***
8173   1.000  0.0002 ***
296708 1.000  0.0002 ***
166442 1.000  0.0002 ***
581393 1.000  0.0002 ***
549968 1.000  0.0002 ***
136482 1.000  0.0002 ***
99909  1.000  0.0002 ***
362896 1.000  0.0002 ***
317388 1.000  0.0002 ***
338117 0.999  0.0001 ***
319044 0.999  0.0078 ** 
87194  0.999  0.0054 ** 
317335 0.999  0.0001 ***
314090 0.999  0.0002 ***
139864 0.998  0.0001 ***
350845 0.998  0.0002 ***
545467 0.998  0.0004 ***
72638  0.998  0.0004 ***
279539 0.997  0.0002 ***
230216 0.997  0.0001 ***
593222 0.997  0.0002 ***
221119 0.997  0.0001 ***
323607 0.996  0.0002 ***
139205 0.996  0.0002 ***
309790 0.996  0.0002 ***
104276 0.996  0.0002 ***
153572 0.996  0.0002 ***
171189 0.996  0.0044 ** 
546867 0.995  0.0001 ***
98593  0.995  0.0004 ***
262661 0.995  0.0036 ** 
585343 0.995  0.0036 ** 
107242 0.995  0.0002 ***
179748 0.994  0.0188 *  
205919 0.994  0.0081 ** 
114029 0.994  0.0002 ***
399640 0.994  0.0001 ***
317708 0.994  0.0002 ***
243677 0.994  0.0002 ***
334722 0.994  0.0040 ** 
93747  0.994  0.0070 ** 
68987  0.993  0.0050 ** 
68974  0.993  0.0008 ***
150756 0.993  0.0023 ** 
93188  0.993  0.0002 ***
558119 0.993  0.0013 ** 
320764 0.993  0.0004 ***
228931 0.993  0.0017 ** 
236604 0.993  0.0008 ***
346553 0.992  0.0021 ** 
270409 0.992  0.0030 ** 
532913 0.992  0.0015 ** 
133856 0.992  0.0062 ** 
107387 0.992  0.0075 ** 
286813 0.991  0.0007 ***
305627 0.991  0.0026 ** 
116334 0.990  0.0035 ** 
237232 0.990  0.0034 ** 
277633 0.990  0.0001 ***
354693 0.990  0.0080 ** 
117364 0.989  0.0002 ***
97734  0.989  0.0004 ***
530612 0.988  0.0030 ** 
535272 0.987  0.0026 ** 
8882   0.987  0.0054 ** 
231727 0.987  0.0001 ***
545003 0.982  0.0004 ***
510924 0.982  0.0001 ***
152723 0.980  0.0002 ***
308722 0.976  0.0012 ** 
165647 0.972  0.0001 ***
259542 0.970  0.0002 ***
82772  0.947  0.0243 *  
315575 0.945  0.0276 *  
228537 0.922  0.0032 ** 
7619   0.921  0.0005 ***
348549 0.913  0.0006 ***
228452 0.913  0.0008 ***
276603 0.913  0.0006 ***
140805 0.913  0.0005 ***
39185  0.913  0.0008 ***
169940 0.913  0.0006 ***
264258 0.913  0.0005 ***
578438 0.913  0.0005 ***
336455 0.913  0.0005 ***
572372 0.913  0.0006 ***
310378 0.913  0.0005 ***
145318 0.913  0.0005 ***
66020  0.913  0.0006 ***
294790 0.913  0.0012 ** 
277645 0.913  0.0006 ***
589725 0.913  0.0006 ***
556502 0.913  0.0006 ***
332804 0.913  0.0006 ***
275872 0.913  0.0005 ***
137174 0.913  0.0006 ***
316871 0.913  0.0006 ***
535059 0.913  0.0006 ***
289355 0.913  0.0008 ***
318367 0.913  0.0006 ***
112728 0.913  0.0006 ***
268705 0.913  0.0006 ***
556808 0.913  0.0006 ***
278872 0.913  0.0006 ***
332554 0.913  0.0006 ***
234675 0.913  0.0006 ***
525862 0.913  0.0030 ** 
566137 0.912  0.0015 ** 
315545 0.912  0.0004 ***
273520 0.912  0.0032 ** 
305646 0.912  0.0011 ** 
311740 0.912  0.0008 ***
25548  0.912  0.0005 ***
250082 0.912  0.0075 ** 
551394 0.912  0.0020 ** 
515916 0.911  0.0005 ***
90324  0.911  0.0008 ***
273639 0.911  0.0013 ** 
233692 0.911  0.0007 ***
331005 0.910  0.0013 ** 
153466 0.910  0.0017 ** 
194499 0.910  0.0008 ***
250392 0.910  0.0139 *  
162326 0.909  0.0032 ** 
334374 0.909  0.0014 ** 
320821 0.909  0.0023 ** 
591182 0.909  0.0048 ** 
96014  0.909  0.0110 *  
333266 0.908  0.0008 ***
113326 0.908  0.0033 ** 
228407 0.908  0.0091 ** 
105613 0.908  0.0083 ** 
306969 0.908  0.0011 ** 
236718 0.908  0.0206 *  
342374 0.908  0.0098 ** 
18746  0.907  0.0045 ** 
188334 0.907  0.0163 *  
143925 0.907  0.0160 *  
230882 0.907  0.0044 ** 
151803 0.907  0.0084 ** 
137837 0.907  0.0189 *  
228302 0.907  0.0047 ** 
533132 0.906  0.0007 ***
357417 0.906  0.0080 ** 
185581 0.906  0.0059 ** 
549366 0.906  0.0022 ** 
333113 0.906  0.0124 *  
264786 0.906  0.0019 ** 
230843 0.906  0.0150 *  
155518 0.906  0.0095 ** 
228170 0.906  0.0048 ** 
161217 0.905  0.0094 ** 
100807 0.905  0.0039 ** 
232511 0.905  0.0078 ** 
126508 0.905  0.0253 *  
117907 0.904  0.0196 *  
514038 0.904  0.0111 *  
580227 0.903  0.0034 ** 
206237 0.903  0.0472 *  
216695 0.902  0.0120 *  
546020 0.902  0.0140 *  
335051 0.898  0.0009 ***
589101 0.891  0.0016 ** 
238123 0.889  0.0250 *  
140761 0.886  0.0016 ** 
140774 0.881  0.0009 ***
236788 0.877  0.0208 *  
324381 0.868  0.0100 ** 
161773 0.868  0.0042 ** 
220130 0.859  0.0015 ** 
228555 0.855  0.0058 ** 
362563 0.845  0.0032 ** 
586740 0.837  0.0032 ** 
308755 0.816  0.0046 ** 
146866 0.816  0.0046 ** 
25107  0.816  0.0046 ** 
347310 0.816  0.0046 ** 
142290 0.816  0.0039 ** 
46271  0.816  0.0037 ** 
160550 0.816  0.0043 ** 
245864 0.816  0.0039 ** 
576242 0.816  0.0038 ** 
269778 0.816  0.0046 ** 
541691 0.816  0.0038 ** 
544395 0.816  0.0046 ** 
104318 0.816  0.0039 ** 
262549 0.816  0.0038 ** 
103719 0.816  0.0046 ** 
243296 0.816  0.0038 ** 
158847 0.816  0.0035 ** 
574649 0.816  0.0046 ** 
252006 0.816  0.0038 ** 
37302  0.816  0.0038 ** 
101210 0.816  0.0038 ** 
577330 0.816  0.0038 ** 
151600 0.816  0.0038 ** 
535870 0.816  0.0038 ** 
342284 0.816  0.0038 ** 
517810 0.816  0.0046 ** 
580575 0.816  0.0038 ** 
263960 0.816  0.0038 ** 
278306 0.816  0.0038 ** 
156200 0.816  0.0038 ** 
516020 0.816  0.0038 ** 
217304 0.816  0.0039 ** 
110147 0.816  0.0048 ** 
277870 0.816  0.0046 ** 
149753 0.816  0.0046 ** 
103037 0.816  0.0046 ** 
526439 0.816  0.0038 ** 
258873 0.816  0.0046 ** 
562037 0.816  0.0038 ** 
7630   0.816  0.0046 ** 
574507 0.816  0.0038 ** 
7634   0.816  0.0038 ** 
336977 0.816  0.0038 ** 
276755 0.816  0.0038 ** 
559794 0.816  0.0038 ** 
362891 0.816  0.0046 ** 
241066 0.816  0.0038 ** 
331064 0.816  0.0046 ** 
169677 0.816  0.0038 ** 
207297 0.816  0.0038 ** 
568472 0.816  0.0038 ** 
232066 0.816  0.0046 ** 
233274 0.816  0.0046 ** 
240197 0.816  0.0038 ** 
548592 0.816  0.0038 ** 
155540 0.816  0.0047 ** 
170549 0.816  0.0046 ** 
328838 0.816  0.0043 ** 
5681   0.816  0.0038 ** 
550938 0.816  0.0046 ** 
138930 0.816  0.0037 ** 
142136 0.816  0.0046 ** 
236240 0.816  0.0046 ** 
5851   0.816  0.0043 ** 
318593 0.816  0.0038 ** 
341445 0.816  0.0048 ** 
263034 0.816  0.0039 ** 
19549  0.816  0.0038 ** 
279049 0.816  0.0038 ** 
109272 0.816  0.0038 ** 
223812 0.816  0.0038 ** 
184429 0.816  0.0038 ** 
567464 0.816  0.0038 ** 
581436 0.816  0.0038 ** 
82114  0.816  0.0038 ** 
277698 0.816  0.0037 ** 
195498 0.816  0.0038 ** 
509809 0.816  0.0038 ** 
66632  0.816  0.0035 ** 
249994 0.816  0.0038 ** 
230145 0.816  0.0046 ** 
170720 0.816  0.0046 ** 
243681 0.816  0.0038 ** 
187417 0.816  0.0038 ** 
558722 0.816  0.0038 ** 
2450   0.816  0.0046 ** 
150437 0.816  0.0038 ** 
93722  0.816  0.0035 ** 
246587 0.816  0.0044 ** 
258097 0.816  0.0044 ** 
252313 0.816  0.0046 ** 
58645  0.816  0.0048 ** 
533497 0.816  0.0046 ** 
458762 0.816  0.0038 ** 
275936 0.816  0.0046 ** 
323057 0.816  0.0038 ** 
181596 0.816  0.0046 ** 
41135  0.816  0.0046 ** 
554821 0.816  0.0046 ** 
57459  0.816  0.0038 ** 
114335 0.816  0.0038 ** 
533044 0.816  0.0038 ** 
353483 0.816  0.0038 ** 
309556 0.816  0.0038 ** 
541573 0.816  0.0038 ** 
527507 0.816  0.0195 *  
237074 0.816  0.0061 ** 
589587 0.816  0.0050 ** 
264798 0.816  0.0061 ** 
276624 0.816  0.0053 ** 
553131 0.816  0.0118 *  
155418 0.816  0.0056 ** 
343315 0.816  0.0061 ** 
560122 0.815  0.0095 ** 
204709 0.815  0.0087 ** 
126228 0.815  0.0063 ** 
155474 0.815  0.0069 ** 
48463  0.815  0.0067 ** 
581185 0.815  0.0071 ** 
230500 0.815  0.0067 ** 
325911 0.814  0.0142 *  
315848 0.814  0.0068 ** 
584938 0.814  0.0041 ** 
234016 0.814  0.0142 *  
351106 0.814  0.0139 *  
303568 0.814  0.0142 *  
341986 0.814  0.0086 ** 
534046 0.814  0.0201 *  
227744 0.814  0.0063 ** 
310134 0.813  0.0160 *  
542989 0.813  0.0142 *  
348941 0.813  0.0128 *  
140817 0.813  0.0137 *  
119942 0.813  0.0114 *  
155692 0.813  0.0137 *  
349592 0.813  0.0207 *  
354695 0.813  0.0086 ** 
185297 0.813  0.0142 *  
341072 0.813  0.0471 *  
313341 0.813  0.0072 ** 
8249   0.812  0.0074 ** 
541547 0.812  0.0060 ** 
153911 0.812  0.0370 *  
255494 0.812  0.0142 *  
576998 0.812  0.0299 *  
186153 0.812  0.0123 *  
305960 0.812  0.0120 *  
575686 0.812  0.0324 *  
171297 0.812  0.0154 *  
346324 0.812  0.0127 *  
554668 0.812  0.0207 *  
155847 0.812  0.0078 ** 
115653 0.812  0.0088 ** 
343127 0.812  0.0269 *  
548838 0.812  0.0142 *  
348807 0.812  0.0326 *  
338616 0.812  0.0215 *  
233886 0.811  0.0220 *  
106374 0.811  0.0147 *  
563954 0.811  0.0353 *  
230022 0.811  0.0091 ** 
4585   0.811  0.0287 *  
306834 0.811  0.0223 *  
245143 0.811  0.0217 *  
565326 0.811  0.0283 *  
511108 0.811  0.0096 ** 
319928 0.811  0.0264 *  
138411 0.811  0.0195 *  
349307 0.811  0.0310 *  
86285  0.811  0.0194 *  
131943 0.811  0.0142 *  
353655 0.811  0.0111 *  
545263 0.811  0.0120 *  
152417 0.811  0.0287 *  
356497 0.811  0.0151 *  
228449 0.810  0.0334 *  
108109 0.810  0.0301 *  
132474 0.810  0.0183 *  
7621   0.810  0.0420 *  
338106 0.810  0.0148 *  
533454 0.809  0.0148 *  
548700 0.809  0.0127 *  
233328 0.809  0.0296 *  
440418 0.809  0.0086 ** 
317373 0.809  0.0400 *  
543167 0.809  0.0260 *  
195676 0.808  0.0311 *  
247611 0.808  0.0237 *  
169426 0.808  0.0295 *  
562142 0.807  0.0118 *  
153017 0.807  0.0328 *  
53381  0.807  0.0118 *  
312030 0.806  0.0114 *  
78716  0.806  0.0060 ** 
574171 0.806  0.0096 ** 
589064 0.805  0.0189 *  
105115 0.805  0.0151 *  
233567 0.802  0.0147 *  
147990 0.802  0.0077 ** 
232667 0.802  0.0091 ** 
565944 0.800  0.0100 ** 
230203 0.797  0.0419 *  
551808 0.796  0.0072 ** 
578477 0.794  0.0425 *  
552671 0.794  0.0157 *  
320243 0.791  0.0104 *  
141750 0.787  0.0104 *  
161179 0.784  0.0091 ** 
100077 0.784  0.0082 ** 
108861 0.775  0.0482 *  
249637 0.772  0.0140 *  
84937  0.770  0.0102 *  
312038 0.767  0.0300 *  
524932 0.745  0.0196 *  
106146 0.742  0.0267 *  
540305 0.707  0.0253 *  
155526 0.707  0.0253 *  
568724 0.707  0.0253 *  
715    0.707  0.0242 *  
330721 0.707  0.0284 *  
245969 0.707  0.0253 *  
100167 0.707  0.0253 *  
101310 0.707  0.0253 *  
342035 0.707  0.0253 *  
242567 0.707  0.0253 *  
203274 0.707  0.0253 *  
110394 0.707  0.0258 *  
141161 0.707  0.0268 *  
354365 0.707  0.0268 *  
107146 0.707  0.0242 *  
3466   0.707  0.0284 *  
569927 0.707  0.0268 *  
558597 0.707  0.0253 *  
163978 0.707  0.0253 *  
594030 0.707  0.0253 *  
145637 0.707  0.0253 *  
342642 0.707  0.0253 *  
7396   0.707  0.0268 *  
164557 0.707  0.0268 *  
246806 0.707  0.0253 *  
81643  0.707  0.0270 *  
248182 0.707  0.0268 *  
9176   0.707  0.0268 *  
9179   0.707  0.0253 *  
63945  0.707  0.0253 *  
9727   0.707  0.0253 *  
568293 0.707  0.0253 *  
140325 0.707  0.0253 *  
544927 0.707  0.0268 *  
303563 0.707  0.0268 *  
542803 0.707  0.0253 *  
217507 0.707  0.0269 *  
257504 0.707  0.0253 *  
105318 0.707  0.0253 *  
141875 0.707  0.0253 *  
165894 0.707  0.0253 *  
147823 0.707  0.0242 *  
591094 0.707  0.0269 *  
96902  0.707  0.0258 *  
538642 0.707  0.0253 *  
139752 0.707  0.0253 *  
146687 0.707  0.0253 *  
263897 0.707  0.0253 *  
70494  0.707  0.0268 *  
326600 0.707  0.0253 *  
100683 0.707  0.0253 *  
546823 0.707  0.0253 *  
578191 0.707  0.0247 *  
333725 0.707  0.0253 *  
446356 0.707  0.0268 *  
525836 0.707  0.0253 *  
16413  0.707  0.0268 *  
138619 0.707  0.0253 *  
258297 0.707  0.0253 *  
280984 0.707  0.0253 *  
278683 0.707  0.0253 *  
536365 0.707  0.0253 *  
555129 0.707  0.0253 *  
278735 0.707  0.0253 *  
419180 0.707  0.0253 *  
575450 0.707  0.0253 *  
19290  0.707  0.0253 *  
83477  0.707  0.0253 *  
251636 0.707  0.0253 *  
311786 0.707  0.0253 *  
250968 0.707  0.0253 *  
172303 0.707  0.0253 *  
307033 0.707  0.0253 *  
276375 0.707  0.0253 *  
213821 0.707  0.0253 *  
254195 0.707  0.0253 *  
429948 0.707  0.0253 *  
313357 0.707  0.0253 *  
305967 0.707  0.0253 *  
256660 0.707  0.0253 *  
587974 0.707  0.0253 *  
256886 0.707  0.0253 *  
528941 0.707  0.0253 *  
333875 0.707  0.0253 *  
196530 0.707  0.0253 *  
258787 0.707  0.0253 *  
545040 0.707  0.0253 *  
348724 0.707  0.0253 *  
146366 0.707  0.0253 *  
261285 0.707  0.0253 *  
341821 0.707  0.0253 *  
513570 0.707  0.0253 *  
155768 0.707  0.0253 *  
347251 0.707  0.0242 *  
146458 0.707  0.0253 *  
100439 0.707  0.0253 *  
585866 0.707  0.0253 *  
311399 0.707  0.0269 *  
588362 0.707  0.0253 *  
258366 0.707  0.0253 *  
561386 0.707  0.0253 *  
575230 0.707  0.0253 *  
292288 0.707  0.0253 *  
251981 0.707  0.0253 *  
559269 0.707  0.0253 *  
245592 0.707  0.0253 *  
278349 0.707  0.0253 *  
571233 0.707  0.0253 *  
154047 0.707  0.0253 *  
7598   0.707  0.0253 *  
96909  0.707  0.0253 *  
585574 0.707  0.0253 *  
159272 0.707  0.0253 *  
315780 0.707  0.0253 *  
107140 0.707  0.0253 *  
553983 0.707  0.0253 *  
159398 0.707  0.0253 *  
168507 0.707  0.0253 *  
7609   0.707  0.0253 *  
553528 0.707  0.0268 *  
231677 0.707  0.0268 *  
322879 0.707  0.0268 *  
564936 0.707  0.0268 *  
5135   0.707  0.0253 *  
316301 0.707  0.0253 *  
322591 0.707  0.0268 *  
270010 0.707  0.0253 *  
5066   0.707  0.0253 *  
575419 0.707  0.0270 *  
351644 0.707  0.0253 *  
560143 0.707  0.0253 *  
586152 0.707  0.0253 *  
123474 0.707  0.0268 *  
278733 0.707  0.0253 *  
594080 0.707  0.0253 *  
110731 0.707  0.0268 *  
100203 0.707  0.0268 *  
202204 0.707  0.0268 *  
257413 0.707  0.0242 *  
277670 0.707  0.0242 *  
565725 0.707  0.0268 *  
336543 0.707  0.0268 *  
556772 0.707  0.0242 *  
546740 0.707  0.0268 *  
347949 0.707  0.0230 *  
186396 0.707  0.0242 *  
276208 0.707  0.0268 *  
111879 0.707  0.0284 *  
516703 0.707  0.0234 *  
541086 0.707  0.0268 *  
544302 0.707  0.0253 *  
103846 0.707  0.0253 *  
155338 0.707  0.0253 *  
574275 0.707  0.0253 *  
228239 0.707  0.0268 *  
136616 0.707  0.0253 *  
356548 0.707  0.0253 *  
211365 0.707  0.0253 *  
176117 0.707  0.0253 *  
574536 0.707  0.0253 *  
266612 0.707  0.0253 *  
267833 0.707  0.0253 *  
272622 0.707  0.0253 *  
549399 0.707  0.0253 *  
278603 0.707  0.0253 *  
319668 0.707  0.0253 *  
250376 0.707  0.0253 *  
259136 0.707  0.0253 *  
542481 0.707  0.0253 *  
152931 0.707  0.0284 *  
230366 0.707  0.0268 *  
234763 0.707  0.0268 *  
588899 0.707  0.0253 *  
249530 0.707  0.0253 *  
139738 0.707  0.0253 *  
275770 0.707  0.0253 *  
271221 0.707  0.0253 *  
565674 0.707  0.0253 *  
147665 0.707  0.0253 *  
100730 0.707  0.0253 *  
590543 0.707  0.0253 *  
10865  0.707  0.0253 *  
148326 0.707  0.0253 *  
561928 0.707  0.0253 *  
378495 0.707  0.0253 *  
570484 0.707  0.0253 *  
10888  0.707  0.0253 *  
289889 0.707  0.0253 *  
583955 0.707  0.0253 *  
557184 0.707  0.0253 *  
163459 0.707  0.0253 *  
154663 0.707  0.0253 *  
150803 0.707  0.0253 *  
109282 0.707  0.0253 *  
154062 0.707  0.0253 *  
574156 0.707  0.0253 *  
192150 0.707  0.0253 *  
109278 0.707  0.0253 *  
77873  0.707  0.0253 *  
578329 0.707  0.0253 *  
513824 0.707  0.0253 *  
10890  0.707  0.0253 *  
589224 0.707  0.0247 *  
112173 0.707  0.0253 *  
278071 0.707  0.0253 *  
72613  0.707  0.0253 *  
307864 0.707  0.0253 *  
245906 0.707  0.0253 *  
100033 0.707  0.0253 *  
509769 0.707  0.0253 *  
309672 0.707  0.0253 *  
549531 0.707  0.0253 *  
590689 0.707  0.0253 *  
328281 0.707  0.0253 *  
229528 0.707  0.0284 *  
275503 0.707  0.0253 *  
10661  0.707  0.0253 *  
275844 0.707  0.0253 *  
276445 0.707  0.0253 *  
570102 0.707  0.0253 *  
111722 0.707  0.0253 *  
178175 0.707  0.0253 *  
562069 0.707  0.0253 *  
325961 0.707  0.0253 *  
274528 0.707  0.0253 *  
254628 0.707  0.0253 *  
347524 0.707  0.0253 *  
522005 0.707  0.0253 *  
546642 0.707  0.0253 *  
236312 0.707  0.0253 *  
279253 0.707  0.0253 *  
10719  0.707  0.0253 *  
103899 0.707  0.0253 *  
554911 0.707  0.0253 *  
511753 0.707  0.0253 *  
286079 0.707  0.0253 *  
10658  0.707  0.0253 *  
190481 0.707  0.0242 *  
342087 0.707  0.0242 *  
573049 0.707  0.0242 *  
105331 0.707  0.0268 *  
154890 0.707  0.0242 *  
107130 0.707  0.0268 *  
312668 0.707  0.0253 *  
80764  0.707  0.0253 *  
177653 0.707  0.0270 *  
342471 0.707  0.0242 *  
226929 0.707  0.0253 *  
590020 0.707  0.0253 *  
510003 0.707  0.0253 *  
165871 0.707  0.0268 *  
353843 0.707  0.0242 *  
224838 0.707  0.0242 *  
548650 0.707  0.0268 *  
233273 0.707  0.0268 *  
572612 0.707  0.0242 *  
293440 0.707  0.0242 *  
546283 0.707  0.0268 *  
510458 0.707  0.0234 *  
354185 0.707  0.0247 *  
258102 0.707  0.0253 *  
59897  0.707  0.0253 *  
247849 0.707  0.0253 *  
509797 0.707  0.0253 *  
159438 0.707  0.0253 *  
152632 0.707  0.0253 *  
534943 0.707  0.0253 *  
215176 0.707  0.0270 *  
194491 0.707  0.0253 *  
273031 0.707  0.0253 *  
570489 0.707  0.0253 *  
255558 0.707  0.0253 *  
164768 0.707  0.0253 *  
161044 0.707  0.0253 *  
31738  0.707  0.0253 *  
346244 0.707  0.0253 *  
234454 0.707  0.0242 *  
113192 0.707  0.0253 *  
182109 0.707  0.0253 *  
304950 0.707  0.0253 *  
277923 0.707  0.0253 *  
530814 0.707  0.0253 *  
533069 0.707  0.0253 *  
337205 0.707  0.0253 *  
199540 0.707  0.0253 *  
272414 0.707  0.0253 *  
257461 0.707  0.0253 *  
160549 0.707  0.0253 *  
574623 0.707  0.0253 *  
204817 0.707  0.0253 *  
553535 0.707  0.0253 *  
514080 0.707  0.0234 *  
246040 0.707  0.0253 *  
339589 0.707  0.0253 *  
238328 0.707  0.0253 *  
552017 0.707  0.0253 *  
511928 0.707  0.0253 *  
33594  0.707  0.0253 *  
535561 0.707  0.0253 *  
267092 0.707  0.0253 *  
510686 0.707  0.0253 *  
172911 0.707  0.0253 *  
270455 0.707  0.0253 *  
544574 0.707  0.0284 *  
517793 0.707  0.0270 *  
159970 0.707  0.0253 *  
513658 0.707  0.0284 *  
355710 0.707  0.0284 *  
61856  0.707  0.0253 *  
113979 0.707  0.0253 *  
111528 0.707  0.0268 *  
264161 0.707  0.0253 *  
553831 0.707  0.0253 *  
2788   0.707  0.0268 *  
577122 0.707  0.0253 *  
270592 0.707  0.0253 *  
579998 0.707  0.0253 *  
582419 0.707  0.0253 *  
165216 0.707  0.0253 *  
237767 0.707  0.0253 *  
576162 0.707  0.0253 *  
251688 0.707  0.0253 *  
231309 0.707  0.0242 *  
576923 0.707  0.0253 *  
260280 0.707  0.0253 *  
571999 0.707  0.0253 *  
403814 0.707  0.0253 *  
549187 0.707  0.0253 *  
276082 0.707  0.0253 *  
262812 0.707  0.0253 *  
518323 0.707  0.0253 *  
549321 0.707  0.0253 *  
553650 0.707  0.0253 *  
562167 0.707  0.0253 *  
590201 0.707  0.0253 *  
274885 0.707  0.0253 *  
108426 0.707  0.0274 *  
175045 0.707  0.0307 *  
570826 0.707  0.0298 *  
538297 0.707  0.0265 *  
10686  0.707  0.0240 *  
272596 0.707  0.0265 *  
108675 0.707  0.0438 *  
151807 0.707  0.0316 *  
323748 0.707  0.0411 *  
334363 0.706  0.0266 *  
166871 0.706  0.0232 *  
530809 0.706  0.0194 *  
309076 0.706  0.0301 *  
264692 0.706  0.0332 *  
513750 0.706  0.0332 *  
257849 0.706  0.0194 *  
449515 0.706  0.0311 *  
363429 0.706  0.0298 *  
554003 0.706  0.0260 *  
341545 0.706  0.0332 *  
147735 0.706  0.0229 *  
154397 0.706  0.0335 *  
105207 0.706  0.0266 *  
263799 0.706  0.0240 *  
266754 0.705  0.0278 *  
2589   0.705  0.0266 *  
308423 0.705  0.0311 *  
565462 0.705  0.0240 *  
581457 0.705  0.0332 *  
251576 0.705  0.0331 *  
227597 0.704  0.0463 *  
589134 0.704  0.0413 *  
41059  0.704  0.0407 *  
152696 0.703  0.0208 *  
152853 0.703  0.0260 *  
33643  0.703  0.0263 *  
558137 0.703  0.0332 *  
172515 0.703  0.0459 *  
278788 0.703  0.0306 *  
159441 0.703  0.0306 *  
101660 0.702  0.0455 *  
286332 0.702  0.0337 *  
104828 0.702  0.0393 *  
523998 0.701  0.0298 *  
342146 0.701  0.0493 *  
233758 0.700  0.0417 *  
193004 0.700  0.0321 *  
159207 0.700  0.0321 *  
169282 0.700  0.0305 *  
533883 0.700  0.0407 *  
243860 0.699  0.0495 *  
91023  0.699  0.0313 *  
589761 0.699  0.0307 *  
344447 0.699  0.0304 *  
584923 0.699  0.0266 *  
340951 0.697  0.0460 *  
352770 0.696  0.0451 *  
171373 0.696  0.0274 *  
256904 0.693  0.0380 *  
140189 0.692  0.0321 *  
326461 0.692  0.0277 *  
148371 0.691  0.0374 *  
201369 0.689  0.0289 *  
139354 0.686  0.0423 *  
142371 0.682  0.0365 *  
162179 0.676  0.0499 *  
161860 0.675  0.0455 *  

 Group Freshwater+Saline  #sps.  120 
        stat p.value    
114044 0.999  0.0001 ***
561077 0.998  0.0014 ** 
308887 0.998  0.0001 ***
534609 0.998  0.0139 *  
339261 0.998  0.0058 ** 
118817 0.998  0.0130 *  
61189  0.998  0.0153 *  
327536 0.998  0.0055 ** 
340216 0.997  0.0069 ** 
141872 0.997  0.0003 ***
278521 0.997  0.0002 ***
323845 0.997  0.0499 *  
513590 0.996  0.0011 ** 
170976 0.996  0.0013 ** 
593801 0.996  0.0081 ** 
229790 0.994  0.0074 ** 
332808 0.993  0.0077 ** 
200741 0.992  0.0199 *  
114612 0.990  0.0329 *  
313857 0.984  0.0281 *  
91725  0.952  0.0027 ** 
388347 0.951  0.0007 ***
318540 0.951  0.0009 ***
139214 0.949  0.0010 ***
535929 0.948  0.0290 *  
250544 0.940  0.0213 *  
103055 0.905  0.0029 ** 
8057   0.905  0.0018 ** 
98216  0.905  0.0019 ** 
346479 0.905  0.0028 ** 
306869 0.903  0.0038 ** 
168285 0.901  0.0037 ** 
354554 0.901  0.0155 *  
160023 0.901  0.0022 ** 
46777  0.853  0.0465 *  
284550 0.853  0.0087 ** 
156416 0.853  0.0069 ** 
142768 0.852  0.0132 *  
253703 0.850  0.0242 *  
313351 0.847  0.0108 *  
13034  0.844  0.0412 *  
468138 0.841  0.0085 ** 
270517 0.841  0.0146 *  
156101 0.831  0.0239 *  
327084 0.821  0.0402 *  
317794 0.798  0.0233 *  
549748 0.798  0.0100 ** 
308726 0.798  0.0193 *  
370014 0.798  0.0276 *  
135917 0.798  0.0301 *  
91521  0.798  0.0110 *  
254127 0.798  0.0281 *  
113116 0.798  0.0164 *  
149523 0.798  0.0144 *  
511725 0.798  0.0290 *  
157385 0.798  0.0143 *  
315021 0.798  0.0241 *  
63232  0.798  0.0182 *  
585368 0.798  0.0095 ** 
213225 0.798  0.0145 *  
589011 0.798  0.0171 *  
142901 0.798  0.0121 *  
47263  0.798  0.0186 *  
536561 0.796  0.0290 *  
240724 0.795  0.0176 *  
252310 0.795  0.0222 *  
354483 0.794  0.0267 *  
7624   0.790  0.0194 *  
51628  0.789  0.0322 *  
35556  0.778  0.0196 *  
140384 0.739  0.0303 *  
239439 0.739  0.0387 *  
220496 0.739  0.0336 *  
8096   0.739  0.0327 *  
135216 0.739  0.0290 *  
83068  0.739  0.0293 *  
7649   0.739  0.0420 *  
593544 0.739  0.0454 *  
306234 0.739  0.0273 *  
563756 0.739  0.0383 *  
339335 0.739  0.0374 *  
559617 0.739  0.0367 *  
583279 0.739  0.0324 *  
346330 0.739  0.0315 *  
166413 0.739  0.0270 *  
362520 0.739  0.0290 *  
542445 0.739  0.0332 *  
509640 0.739  0.0403 *  
541076 0.739  0.0338 *  
210461 0.739  0.0398 *  
141996 0.739  0.0344 *  
572774 0.739  0.0318 *  
2476   0.739  0.0374 *  
560267 0.739  0.0300 *  
254954 0.739  0.0352 *  
240630 0.739  0.0429 *  
279390 0.739  0.0311 *  
239678 0.739  0.0403 *  
113334 0.739  0.0416 *  
405181 0.739  0.0280 *  
258358 0.739  0.0476 *  
256933 0.739  0.0347 *  
589290 0.739  0.0347 *  
161263 0.739  0.0406 *  
536385 0.739  0.0398 *  
560786 0.739  0.0327 *  
66932  0.739  0.0363 *  
170286 0.739  0.0327 *  
583602 0.739  0.0304 *  
530010 0.739  0.0311 *  
241588 0.739  0.0412 *  
573498 0.739  0.0333 *  
278709 0.739  0.0343 *  
72863  0.739  0.0303 *  
533639 0.739  0.0319 *  
539496 0.731  0.0443 *  
583294 0.730  0.0432 *  
63234  0.729  0.0438 *  
212027 0.717  0.0458 *  
223804 0.674  0.0473 *  

 Group Human+Saline  #sps.  3 
        stat p.value  
108747 0.992  0.0433 *
359171 0.953  0.0111 *
262838 0.856  0.0342 *
---
Signif. codes:  0 ‘***’ 0.001 ‘**’ 0.01 ‘*’ 0.05 ‘.’ 0.1 ‘ ’ 1 
NULL
